connectivity: Dense
final_training_loss: 4.027864206267477e-05
graph_type: ER
hyperparameters:
  initialization_multiplier: 0.9704286156924643
  learning_rate: 0.0003144001584450928
  num_layers: 1
  sigma_multiplier: 0.08589331743418624
nodes: 10
run_id: '20250710_113636'
