connectivity: Dense
final_training_loss: 3.465746315259383e-05
graph_type: Bipartite
hyperparameters:
  initialization_multiplier: 0.6666003835449026
  learning_rate: 6.76523958069083e-05
  num_layers: 1
  sigma_multiplier: 0.08356450156762203
nodes: 10
run_id: '20250716_095712'
