connectivity: Dense
final_training_loss: 3.4402057507460525e-05
graph_type: ER
hyperparameters:
  initialization_multiplier: 0.8212259186109716
  learning_rate: 0.0001789547674390973
  num_layers: 2
  sigma_multiplier: 0.09993274486957195
nodes: 14
run_id: '20250716_212010'
