connectivity: Dense
final_training_loss: -4.311874910422059e-05
graph_type: Bipartite
hyperparameters:
  initialization_multiplier: 1.0
  learning_rate: 0.00012367671434450567
  num_layers: 2
  sigma_multiplier: 0.02610121765816286
nodes: 14
run_id: '20250712_172340'
