connectivity: Dense
final_training_loss: 4.1527298681563495e-05
graph_type: ER
hyperparameters:
  initialization_multiplier: 0.7892881576290048
  learning_rate: 2.6996133340001137e-05
  num_layers: 1
  sigma_multiplier: 0.11376235574391662
nodes: 10
run_id: '20250716_103917'
