connectivity: Medium
final_training_loss: -5.135535827288672e-06
graph_type: Bipartite
hyperparameters:
  initialization_multiplier: 0.3131648530429869
  learning_rate: 5.601519905143259e-05
  num_layers: 2
  sigma_multiplier: 0.013800792555299488
nodes: 14
run_id: '20250716_213333'
