connectivity: Sparse
final_training_loss: 7.57380406980158e-05
graph_type: ER
hyperparameters:
  initialization_multiplier: 0.6375202444924641
  learning_rate: 0.0005424590069759803
  num_layers: 1
  sigma_multiplier: 0.13965562581217067
nodes: 10
run_id: '20250716_103917'
