connectivity: Sparse
final_training_loss: 7.13636252389539e-05
graph_type: Bipartite
hyperparameters:
  initialization_multiplier: 0.7773634686569226
  learning_rate: 0.0003204463932578551
  num_layers: 1
  sigma_multiplier: 0.05633744500739554
nodes: 10
run_id: '20250710_113635'
