connectivity: Sparse
final_training_loss: 2.5582203581489293e-05
graph_type: ER
hyperparameters:
  initialization_multiplier: 0.6160392509329119
  learning_rate: 2.475190195992721e-05
  num_layers: 2
  sigma_multiplier: 0.12323071530564203
nodes: 18
run_id: '20250717_121147'
