connectivity: Dense
final_training_loss: -3.0406156004890138e-05
graph_type: ER
hyperparameters:
  initialization_multiplier: 1.0
  learning_rate: 0.0003647290453971464
  num_layers: 2
  sigma_multiplier: 0.011982974511664725
nodes: 14
run_id: '20250713_090656'
