connectivity: Medium
final_training_loss: 1.2561057903469517e-05
graph_type: Bipartite
hyperparameters:
  initialization_multiplier: 1.0
  learning_rate: 0.00046700585741604
  num_layers: 1
  sigma_multiplier: 0.12988595690255983
nodes: 8
run_id: '20250708_220824'
