connectivity: Dense
final_training_loss: -5.85377081154855e-05
graph_type: Bipartite
hyperparameters:
  initialization_multiplier: 0.8497250539424122
  learning_rate: 0.00011430010269285175
  num_layers: 2
  sigma_multiplier: 0.010303510800965254
nodes: 14
run_id: '20250716_213333'
