connectivity: Dense
final_training_loss: 5.715067558423689e-05
graph_type: Bipartite
hyperparameters:
  initialization_multiplier: 0.880786664916547
  learning_rate: 0.00013168271309350253
  num_layers: 1
  sigma_multiplier: 0.06247987025627995
nodes: 10
run_id: '20250710_113635'
