connectivity: Dense
final_training_loss: 3.277714508809684e-05
graph_type: ER
hyperparameters:
  initialization_multiplier: 0.5237233025913394
  learning_rate: 7.087827958306524e-05
  num_layers: 2
  sigma_multiplier: 0.011164081785657752
nodes: 18
run_id: '20250717_121147'
