connectivity: Medium
final_training_loss: 3.9076177191876186e-05
graph_type: ER
hyperparameters:
  initialization_multiplier: 0.7887794843433023
  learning_rate: 0.0007813704430433467
  num_layers: 1
  sigma_multiplier: 0.15137410179941213
nodes: 10
run_id: '20250710_113636'
