connectivity: Dense
final_training_loss: 2.8987279426705107e-05
graph_type: ER
hyperparameters:
  initialization_multiplier: 0.35033737094501394
  learning_rate: 0.00021997454219795822
  num_layers: 1
  sigma_multiplier: 0.0169361974223639
nodes: 10
run_id: '20250715_080032'
