connectivity: Sparse
final_training_loss: -0.0004191847074914732
graph_type: Bipartite
hyperparameters:
  initialization_multiplier: 1.0
  learning_rate: 0.0006844253429962271
  num_layers: 1
  sigma_multiplier: 0.021071602589108132
nodes: 8
run_id: '20250709_142105'
