connectivity: Medium
final_training_loss: -4.6214281825578054e-05
graph_type: Bipartite
hyperparameters:
  initialization_multiplier: 1.0
  learning_rate: 0.00014694272806160328
  num_layers: 2
  sigma_multiplier: 0.0297261090353508
nodes: 14
run_id: '20250712_172340'
