connectivity: Sparse
final_training_loss: 0.00012667229084929607
graph_type: Bipartite
hyperparameters:
  initialization_multiplier: 0.9651815883354553
  learning_rate: 1.343600860261654e-05
  num_layers: 1
  sigma_multiplier: 0.1209598157471811
nodes: 8
run_id: '20250714_104340'
