connectivity: Dense
final_training_loss: 4.2409063111622665e-05
graph_type: Bipartite
hyperparameters:
  initialization_multiplier: 1.0
  learning_rate: 0.0005786899366798799
  num_layers: 1
  sigma_multiplier: 0.01642366017096672
nodes: 8
run_id: '20250709_142105'
