connectivity: Dense
final_training_loss: 9.037233738042764e-05
graph_type: ER
hyperparameters:
  initialization_multiplier: 1.0
  learning_rate: 0.00014893546841604838
  num_layers: 1
  sigma_multiplier: 0.1324338669454383
nodes: 8
run_id: '20250709_142102'
