connectivity: Medium
final_training_loss: 4.1743779860413365e-05
graph_type: Bipartite
hyperparameters:
  initialization_multiplier: 0.5029598321109666
  learning_rate: 0.0008232075856816126
  num_layers: 1
  sigma_multiplier: 0.12526214264424734
nodes: 10
run_id: '20250710_113635'
