connectivity: Medium
final_training_loss: 0.00010849168354943104
graph_type: ER
hyperparameters:
  initialization_multiplier: 0.5927495989216095
  learning_rate: 3.680007079651986e-05
  num_layers: 2
  sigma_multiplier: 0.13183703669115834
nodes: 14
run_id: '20250716_212010'
