connectivity: Medium
final_training_loss: 1.0614166524111873e-05
graph_type: Bipartite
hyperparameters:
  initialization_multiplier: 0.8914177808268321
  learning_rate: 9.528649220736315e-05
  num_layers: 2
  sigma_multiplier: 0.0810313192002322
nodes: 18
run_id: '20250717_212628'
