connectivity: Sparse
final_training_loss: 0.00015485302414233322
graph_type: Bipartite
hyperparameters:
  initialization_multiplier: 0.9424843823056063
  learning_rate: 0.0005035434552535424
  num_layers: 1
  sigma_multiplier: 0.131278678119143
nodes: 10
run_id: '20250715_075926'
