connectivity: Medium
final_training_loss: 4.22776599525146e-05
graph_type: ER
hyperparameters:
  initialization_multiplier: 0.47173031796044573
  learning_rate: 3.650891298044052e-05
  num_layers: 2
  sigma_multiplier: 0.08078951589584635
nodes: 18
run_id: '20250717_121147'
