connectivity: Sparse
final_training_loss: -4.389803247383883e-05
graph_type: ER
hyperparameters:
  initialization_multiplier: 0.47696593127493736
  learning_rate: 0.00012424305976889872
  num_layers: 2
  sigma_multiplier: 0.10893119442328672
nodes: 14
run_id: '20250716_212010'
