connectivity: Dense
final_training_loss: -5.837095568808051e-05
graph_type: Bipartite
hyperparameters:
  initialization_multiplier: 0.7158016157168566
  learning_rate: 0.00014581082048287754
  num_layers: 1
  sigma_multiplier: 0.09305062310502671
nodes: 8
run_id: '20250715_165138'
