connectivity: Medium
final_training_loss: -6.64579659410442e-05
graph_type: ER
hyperparameters:
  initialization_multiplier: 1.0
  learning_rate: 1.7544440296478337e-05
  num_layers: 2
  sigma_multiplier: 0.054379359166005684
nodes: 14
run_id: '20250713_090656'
