connectivity: Sparse
final_training_loss: 5.926986021404103e-05
graph_type: ER
hyperparameters:
  initialization_multiplier: 0.592664075280489
  learning_rate: 0.0009075382936327027
  num_layers: 1
  sigma_multiplier: 0.06417196385630693
nodes: 10
run_id: '20250710_113636'
