connectivity: Medium
final_training_loss: 8.003476435967332e-05
graph_type: Bipartite
hyperparameters:
  initialization_multiplier: 0.6411924854907505
  learning_rate: 2.7462499882495653e-05
  num_layers: 1
  sigma_multiplier: 0.06100961768892711
nodes: 10
run_id: '20250716_095712'
