connectivity: Medium
final_training_loss: 1.5830860499003523e-05
graph_type: ER
hyperparameters:
  initialization_multiplier: 0.8359977524478279
  learning_rate: 0.000437366627093075
  num_layers: 1
  sigma_multiplier: 0.21926561297400493
nodes: 10
run_id: '20250715_080032'
