connectivity: Sparse
final_training_loss: -4.3327272445274864e-05
graph_type: Bipartite
hyperparameters:
  initialization_multiplier: 1.0
  learning_rate: 6.747253390366468e-05
  num_layers: 2
  sigma_multiplier: 0.01853571069137883
nodes: 14
run_id: '20250712_172340'
